-8.000000000000000000e+00 -9.000000000000000000e+00 -9.000000000000000000e+00 -1.000000000000000000e+01 -1.000000000000000000e+01 -1.200000000000000000e+01 -1.500000000000000000e+01 -9.000000000000000000e+00 -8.000000000000000000e+00 -8.000000000000000000e+00
-5.400000000000000000e+01 -5.400000000000000000e+01 -5.500000000000000000e+01 -5.500000000000000000e+01 -5.400000000000000000e+01 -5.300000000000000000e+01 -5.500000000000000000e+01 -5.400000000000000000e+01 -5.500000000000000000e+01 -5.400000000000000000e+01
1.720000000000000000e+02 -6.600000000000000000e+01 -1.000000000000000000e+02 -1.330000000000000000e+02 -1.450000000000000000e+02 -1.670000000000000000e+02 -1.480000000000000000e+02 -1.300000000000000000e+02 -1.590000000000000000e+02 -1.670000000000000000e+02
9.750000000000000000e+02 8.700000000000000000e+01 -1.180000000000000000e+02 -2.340000000000000000e+02 -3.480000000000000000e+02 -3.660000000000000000e+02 -3.430000000000000000e+02 -3.420000000000000000e+02 -3.440000000000000000e+02 -3.390000000000000000e+02
1.790000000000000000e+03 2.210000000000000000e+02 -1.190000000000000000e+02 -3.750000000000000000e+02 -5.370000000000000000e+02 -5.700000000000000000e+02 -5.850000000000000000e+02 -6.260000000000000000e+02 -5.960000000000000000e+02 -6.340000000000000000e+02
4.160000000000000000e+02 4.042000000000000000e+03 1.280000000000000000e+02 -3.040000000000000000e+02 -6.420000000000000000e+02 -7.780000000000000000e+02 -8.350000000000000000e+02 -9.100000000000000000e+02 -9.400000000000000000e+02 -9.110000000000000000e+02
3.680000000000000000e+02 9.590000000000000000e+02 3.923000000000000000e+03 -4.000000000000000000e+01 -4.890000000000000000e+02 -7.670000000000000000e+02 -9.660000000000000000e+02 -1.008000000000000000e+03 -1.013000000000000000e+03 -1.085000000000000000e+03
2.831000000000000000e+03 9.090000000000000000e+02 6.330000000000000000e+02 -4.000000000000000000e+00 -5.140000000000000000e+02 -8.670000000000000000e+02 -9.280000000000000000e+02 -1.037000000000000000e+03 -1.102000000000000000e+03 -1.066000000000000000e+03
2.620000000000000000e+03 9.060000000000000000e+02 8.740000000000000000e+02 3.200000000000000000e+02 -1.840000000000000000e+02 -4.240000000000000000e+02 -7.740000000000000000e+02 -9.170000000000000000e+02 -1.037000000000000000e+03 -1.106000000000000000e+03
2.432000000000000000e+03 8.820000000000000000e+02 8.720000000000000000e+02 6.370000000000000000e+02 1.830000000000000000e+02 -2.970000000000000000e+02 -5.860000000000000000e+02 -7.160000000000000000e+02 -8.440000000000000000e+02 -8.600000000000000000e+02
2.920000000000000000e+02 6.680000000000000000e+02 7.660000000000000000e+02 3.364000000000000000e+03 9.200000000000000000e+01 -2.130000000000000000e+02 -4.630000000000000000e+02 -6.160000000000000000e+02 -7.390000000000000000e+02 -6.840000000000000000e+02
2.060000000000000000e+02 3.845000000000000000e+03 6.190000000000000000e+02 5.590000000000000000e+02 3.140000000000000000e+02 2.700000000000000000e+01 -2.610000000000000000e+02 -4.750000000000000000e+02 -5.510000000000000000e+02 -5.410000000000000000e+02
2.340000000000000000e+02 3.122000000000000000e+03 5.250000000000000000e+02 5.140000000000000000e+02 3.950000000000000000e+02 1.490000000000000000e+02 -7.000000000000000000e+01 -2.500000000000000000e+02 -3.890000000000000000e+02 -4.520000000000000000e+02
1.590000000000000000e+02 3.990000000000000000e+02 4.370000000000000000e+02 3.790000000000000000e+02 2.141000000000000000e+03 1.080000000000000000e+02 -5.900000000000000000e+01 -2.070000000000000000e+02 -3.090000000000000000e+02 -3.720000000000000000e+02
9.520000000000000000e+02 3.610000000000000000e+02 3.590000000000000000e+02 3.720000000000000000e+02 3.410000000000000000e+02 2.210000000000000000e+02 1.000000000000000000e+02 -7.000000000000000000e+01 -2.230000000000000000e+02 -2.790000000000000000e+02
7.660000000000000000e+02 2.660000000000000000e+02 2.850000000000000000e+02 3.090000000000000000e+02 2.810000000000000000e+02 2.400000000000000000e+02 1.040000000000000000e+02 2.200000000000000000e+01 -9.800000000000000000e+01 -1.780000000000000000e+02
1.250000000000000000e+02 2.080000000000000000e+02 2.360000000000000000e+02 1.639000000000000000e+03 2.450000000000000000e+02 2.070000000000000000e+02 8.100000000000000000e+01 6.000000000000000000e+00 -6.000000000000000000e+01 -1.500000000000000000e+02
9.900000000000000000e+01 1.178000000000000000e+03 1.940000000000000000e+02 2.150000000000000000e+02 2.210000000000000000e+02 1.990000000000000000e+02 1.290000000000000000e+02 7.700000000000000000e+01 -2.000000000000000000e+01 -1.000000000000000000e+02
7.400000000000000000e+01 1.330000000000000000e+02 1.490000000000000000e+02 1.700000000000000000e+02 1.690000000000000000e+02 1.650000000000000000e+02 8.570000000000000000e+02 9.200000000000000000e+01 2.700000000000000000e+01 -3.100000000000000000e+01
3.600000000000000000e+01 1.320000000000000000e+02 1.220000000000000000e+02 1.220000000000000000e+02 8.800000000000000000e+02 1.090000000000000000e+02 1.040000000000000000e+02 6.100000000000000000e+01 2.200000000000000000e+01 -4.200000000000000000e+01
6.000000000000000000e+01 9.600000000000000000e+01 6.830000000000000000e+02 9.700000000000000000e+01 8.900000000000000000e+01 1.080000000000000000e+02 1.040000000000000000e+02 7.900000000000000000e+01 3.700000000000000000e+01 1.100000000000000000e+01
3.700000000000000000e+01 8.200000000000000000e+01 8.000000000000000000e+01 8.000000000000000000e+01 7.800000000000000000e+01 9.000000000000000000e+01 5.470000000000000000e+02 6.000000000000000000e+01 4.200000000000000000e+01 2.700000000000000000e+01
1.600000000000000000e+02 6.000000000000000000e+01 6.300000000000000000e+01 7.100000000000000000e+01 7.200000000000000000e+01 7.900000000000000000e+01 4.400000000000000000e+01 4.700000000000000000e+01 3.300000000000000000e+01 2.200000000000000000e+01
2.500000000000000000e+01 3.200000000000000000e+01 5.300000000000000000e+01 4.400000000000000000e+01 5.400000000000000000e+01 4.600000000000000000e+01 5.400000000000000000e+01 5.600000000000000000e+01 2.130000000000000000e+02 1.100000000000000000e+01
1.800000000000000000e+01 3.800000000000000000e+01 4.400000000000000000e+01 3.000000000000000000e+01 5.200000000000000000e+01 2.660000000000000000e+02 4.100000000000000000e+01 5.200000000000000000e+01 4.300000000000000000e+01 2.400000000000000000e+01
9.000000000000000000e+00 2.200000000000000000e+01 2.400000000000000000e+01 2.500000000000000000e+01 3.000000000000000000e+01 2.200000000000000000e+01 2.300000000000000000e+01 2.060000000000000000e+02 2.500000000000000000e+01 1.600000000000000000e+01
1.000000000000000000e+01 1.300000000000000000e+01 1.900000000000000000e+01 1.500000000000000000e+01 1.530000000000000000e+02 2.300000000000000000e+01 2.800000000000000000e+01 2.700000000000000000e+01 1.800000000000000000e+01 1.700000000000000000e+01
6.000000000000000000e+00 1.600000000000000000e+01 9.000000000000000000e+00 1.000000000000000000e+01 1.200000000000000000e+01 1.200000000000000000e+01 1.500000000000000000e+01 1.190000000000000000e+02 1.600000000000000000e+01 1.000000000000000000e+01
1.500000000000000000e+01 8.500000000000000000e+01 1.600000000000000000e+01 1.500000000000000000e+01 1.800000000000000000e+01 1.300000000000000000e+01 1.500000000000000000e+01 1.300000000000000000e+01 1.100000000000000000e+01 7.000000000000000000e+00
1.000000000000000000e+01 1.100000000000000000e+01 1.000000000000000000e+01 1.600000000000000000e+01 6.300000000000000000e+01 1.500000000000000000e+01 1.400000000000000000e+01 1.000000000000000000e+01 1.400000000000000000e+01 9.000000000000000000e+00
6.000000000000000000e+00 5.000000000000000000e+00 5.600000000000000000e+01 3.000000000000000000e+00 9.000000000000000000e+00 9.000000000000000000e+00 4.000000000000000000e+00 8.000000000000000000e+00 9.000000000000000000e+00 8.000000000000000000e+00
2.000000000000000000e+00 2.000000000000000000e+00 6.000000000000000000e+00 4.000000000000000000e+00 4.000000000000000000e+00 8.000000000000000000e+00 4.400000000000000000e+01 7.000000000000000000e+00 5.000000000000000000e+00 3.000000000000000000e+00
2.000000000000000000e+00 1.000000000000000000e+01 2.000000000000000000e+00 1.000000000000000000e+00 5.000000000000000000e+00 4.000000000000000000e+00 4.000000000000000000e+00 4.000000000000000000e+00 3.000000000000000000e+00 5.000000000000000000e+00
-2.000000000000000000e+00 5.000000000000000000e+00 2.800000000000000000e+01 4.000000000000000000e+00 6.000000000000000000e+00 4.000000000000000000e+00 3.000000000000000000e+00 3.000000000000000000e+00 3.000000000000000000e+00 4.000000000000000000e+00
-1.000000000000000000e+00 0.000000000000000000e+00 0.000000000000000000e+00 3.000000000000000000e+00 5.000000000000000000e+00 2.000000000000000000e+00 1.900000000000000000e+01 3.000000000000000000e+00 6.000000000000000000e+00 4.000000000000000000e+00
1.600000000000000000e+01 5.000000000000000000e+00 2.000000000000000000e+00 1.000000000000000000e+00 3.000000000000000000e+00 1.000000000000000000e+00 3.000000000000000000e+00 2.000000000000000000e+00 1.000000000000000000e+00 1.000000000000000000e+00
4.000000000000000000e+00 0.000000000000000000e+00 3.000000000000000000e+00 1.000000000000000000e+00 2.000000000000000000e+00 1.300000000000000000e+01 3.000000000000000000e+00 0.000000000000000000e+00 2.000000000000000000e+00 1.000000000000000000e+00
0.000000000000000000e+00 1.000000000000000000e+00 6.000000000000000000e+00 3.000000000000000000e+00 1.000000000000000000e+00 3.000000000000000000e+00 1.000000000000000000e+00 1.000000000000000000e+00 1.000000000000000000e+00 4.000000000000000000e+00
0.000000000000000000e+00 0.000000000000000000e+00 0.000000000000000000e+00 0.000000000000000000e+00 1.000000000000000000e+00 2.000000000000000000e+00 7.000000000000000000e+00 1.000000000000000000e+00 0.000000000000000000e+00 0.000000000000000000e+00
3.000000000000000000e+00 8.000000000000000000e+00 2.000000000000000000e+00 0.000000000000000000e+00 3.000000000000000000e+00 1.000000000000000000e+00 0.000000000000000000e+00 0.000000000000000000e+00 1.000000000000000000e+00 2.000000000000000000e+00
-2.000000000000000000e+00 1.000000000000000000e+00 0.000000000000000000e+00 7.000000000000000000e+00 1.000000000000000000e+00 0.000000000000000000e+00 0.000000000000000000e+00 1.000000000000000000e+00 0.000000000000000000e+00 3.000000000000000000e+00
5.000000000000000000e+00 0.000000000000000000e+00 1.000000000000000000e+00 0.000000000000000000e+00 1.000000000000000000e+00 2.000000000000000000e+00 0.000000000000000000e+00 0.000000000000000000e+00 1.000000000000000000e+00 0.000000000000000000e+00
1.000000000000000000e+00 2.000000000000000000e+00 1.000000000000000000e+00 2.000000000000000000e+00 1.000000000000000000e+00 2.000000000000000000e+00 0.000000000000000000e+00 1.000000000000000000e+00 0.000000000000000000e+00 1.000000000000000000e+00
-1.000000000000000000e+00 4.000000000000000000e+00 1.000000000000000000e+00 0.000000000000000000e+00 1.000000000000000000e+00 0.000000000000000000e+00 0.000000000000000000e+00 0.000000000000000000e+00 1.000000000000000000e+00 0.000000000000000000e+00
3.000000000000000000e+00 1.000000000000000000e+00 1.000000000000000000e+00 0.000000000000000000e+00 0.000000000000000000e+00 0.000000000000000000e+00 1.000000000000000000e+00 3.000000000000000000e+00 1.000000000000000000e+00 1.000000000000000000e+00
0.000000000000000000e+00 0.000000000000000000e+00 1.000000000000000000e+00 3.000000000000000000e+00 0.000000000000000000e+00 0.000000000000000000e+00 0.000000000000000000e+00 0.000000000000000000e+00 0.000000000000000000e+00 0.000000000000000000e+00
2.000000000000000000e+00 -1.000000000000000000e+00 1.000000000000000000e+00 0.000000000000000000e+00 0.000000000000000000e+00 2.000000000000000000e+00 0.000000000000000000e+00 0.000000000000000000e+00 0.000000000000000000e+00 0.000000000000000000e+00
1.000000000000000000e+00 0.000000000000000000e+00 2.000000000000000000e+00 0.000000000000000000e+00 0.000000000000000000e+00 0.000000000000000000e+00 0.000000000000000000e+00 0.000000000000000000e+00 0.000000000000000000e+00 0.000000000000000000e+00
0.000000000000000000e+00 1.000000000000000000e+00 0.000000000000000000e+00 4.000000000000000000e+00 0.000000000000000000e+00 1.000000000000000000e+00 0.000000000000000000e+00 1.000000000000000000e+00 0.000000000000000000e+00 0.000000000000000000e+00
0.000000000000000000e+00 1.000000000000000000e+00 1.000000000000000000e+00 0.000000000000000000e+00 1.000000000000000000e+00 0.000000000000000000e+00 1.000000000000000000e+00 1.000000000000000000e+00 0.000000000000000000e+00 0.000000000000000000e+00
2.000000000000000000e+00 0.000000000000000000e+00 0.000000000000000000e+00 0.000000000000000000e+00 0.000000000000000000e+00 0.000000000000000000e+00 0.000000000000000000e+00 1.000000000000000000e+00 0.000000000000000000e+00 0.000000000000000000e+00
1.000000000000000000e+00 0.000000000000000000e+00 0.000000000000000000e+00 0.000000000000000000e+00 0.000000000000000000e+00 0.000000000000000000e+00 1.000000000000000000e+00 0.000000000000000000e+00 0.000000000000000000e+00 0.000000000000000000e+00
0.000000000000000000e+00 1.000000000000000000e+00 0.000000000000000000e+00 0.000000000000000000e+00 4.000000000000000000e+00 0.000000000000000000e+00 0.000000000000000000e+00 1.000000000000000000e+00 0.000000000000000000e+00 1.000000000000000000e+00
1.000000000000000000e+00 0.000000000000000000e+00 0.000000000000000000e+00 0.000000000000000000e+00 0.000000000000000000e+00 0.000000000000000000e+00 0.000000000000000000e+00 0.000000000000000000e+00 0.000000000000000000e+00 0.000000000000000000e+00
-1.000000000000000000e+00 0.000000000000000000e+00 0.000000000000000000e+00 0.000000000000000000e+00 1.000000000000000000e+00 0.000000000000000000e+00 0.000000000000000000e+00 0.000000000000000000e+00 0.000000000000000000e+00 0.000000000000000000e+00
1.000000000000000000e+00 0.000000000000000000e+00 0.000000000000000000e+00 1.000000000000000000e+00 0.000000000000000000e+00 0.000000000000000000e+00 0.000000000000000000e+00 0.000000000000000000e+00 0.000000000000000000e+00 0.000000000000000000e+00
-1.000000000000000000e+00 0.000000000000000000e+00 1.000000000000000000e+00 0.000000000000000000e+00 0.000000000000000000e+00 0.000000000000000000e+00 1.000000000000000000e+00 0.000000000000000000e+00 0.000000000000000000e+00 0.000000000000000000e+00
0.000000000000000000e+00 0.000000000000000000e+00 0.000000000000000000e+00 0.000000000000000000e+00 0.000000000000000000e+00 1.000000000000000000e+00 0.000000000000000000e+00 0.000000000000000000e+00 0.000000000000000000e+00 0.000000000000000000e+00
1.000000000000000000e+00 0.000000000000000000e+00 0.000000000000000000e+00 0.000000000000000000e+00 0.000000000000000000e+00 0.000000000000000000e+00 0.000000000000000000e+00 0.000000000000000000e+00 0.000000000000000000e+00 0.000000000000000000e+00
1.000000000000000000e+00 0.000000000000000000e+00 0.000000000000000000e+00 0.000000000000000000e+00 0.000000000000000000e+00 0.000000000000000000e+00 0.000000000000000000e+00 0.000000000000000000e+00 0.000000000000000000e+00 0.000000000000000000e+00
0.000000000000000000e+00 0.000000000000000000e+00 0.000000000000000000e+00 0.000000000000000000e+00 0.000000000000000000e+00 1.000000000000000000e+00 0.000000000000000000e+00 0.000000000000000000e+00 0.000000000000000000e+00 0.000000000000000000e+00
0.000000000000000000e+00 0.000000000000000000e+00 0.000000000000000000e+00 0.000000000000000000e+00 0.000000000000000000e+00 0.000000000000000000e+00 0.000000000000000000e+00 0.000000000000000000e+00 0.000000000000000000e+00 0.000000000000000000e+00
-1.000000000000000000e+00 1.000000000000000000e+00 0.000000000000000000e+00 0.000000000000000000e+00 0.000000000000000000e+00 0.000000000000000000e+00 0.000000000000000000e+00 0.000000000000000000e+00 0.000000000000000000e+00 0.000000000000000000e+00
-1.000000000000000000e+00 0.000000000000000000e+00 0.000000000000000000e+00 0.000000000000000000e+00 0.000000000000000000e+00 0.000000000000000000e+00 0.000000000000000000e+00 0.000000000000000000e+00 0.000000000000000000e+00 0.000000000000000000e+00
0.000000000000000000e+00 0.000000000000000000e+00 0.000000000000000000e+00 0.000000000000000000e+00 0.000000000000000000e+00 0.000000000000000000e+00 0.000000000000000000e+00 0.000000000000000000e+00 0.000000000000000000e+00 0.000000000000000000e+00
0.000000000000000000e+00 0.000000000000000000e+00 0.000000000000000000e+00 0.000000000000000000e+00 0.000000000000000000e+00 0.000000000000000000e+00 0.000000000000000000e+00 0.000000000000000000e+00 0.000000000000000000e+00 0.000000000000000000e+00
0.000000000000000000e+00 0.000000000000000000e+00 0.000000000000000000e+00 0.000000000000000000e+00 0.000000000000000000e+00 0.000000000000000000e+00 0.000000000000000000e+00 0.000000000000000000e+00 0.000000000000000000e+00 0.000000000000000000e+00
0.000000000000000000e+00 0.000000000000000000e+00 0.000000000000000000e+00 1.000000000000000000e+00 1.000000000000000000e+00 0.000000000000000000e+00 0.000000000000000000e+00 0.000000000000000000e+00 0.000000000000000000e+00 0.000000000000000000e+00
0.000000000000000000e+00 0.000000000000000000e+00 0.000000000000000000e+00 0.000000000000000000e+00 0.000000000000000000e+00 0.000000000000000000e+00 0.000000000000000000e+00 0.000000000000000000e+00 0.000000000000000000e+00 0.000000000000000000e+00
0.000000000000000000e+00 0.000000000000000000e+00 0.000000000000000000e+00 0.000000000000000000e+00 0.000000000000000000e+00 0.000000000000000000e+00 0.000000000000000000e+00 0.000000000000000000e+00 0.000000000000000000e+00 0.000000000000000000e+00
0.000000000000000000e+00 0.000000000000000000e+00 0.000000000000000000e+00 1.000000000000000000e+00 0.000000000000000000e+00 0.000000000000000000e+00 0.000000000000000000e+00 1.000000000000000000e+00 0.000000000000000000e+00 0.000000000000000000e+00
0.000000000000000000e+00 0.000000000000000000e+00 0.000000000000000000e+00 0.000000000000000000e+00 0.000000000000000000e+00 0.000000000000000000e+00 0.000000000000000000e+00 0.000000000000000000e+00 0.000000000000000000e+00 0.000000000000000000e+00
0.000000000000000000e+00 0.000000000000000000e+00 0.000000000000000000e+00 0.000000000000000000e+00 0.000000000000000000e+00 0.000000000000000000e+00 0.000000000000000000e+00 0.000000000000000000e+00 0.000000000000000000e+00 0.000000000000000000e+00
0.000000000000000000e+00 0.000000000000000000e+00 0.000000000000000000e+00 0.000000000000000000e+00 0.000000000000000000e+00 0.000000000000000000e+00 0.000000000000000000e+00 0.000000000000000000e+00 0.000000000000000000e+00 0.000000000000000000e+00
0.000000000000000000e+00 0.000000000000000000e+00 0.000000000000000000e+00 0.000000000000000000e+00 0.000000000000000000e+00 0.000000000000000000e+00 0.000000000000000000e+00 0.000000000000000000e+00 0.000000000000000000e+00 0.000000000000000000e+00
0.000000000000000000e+00 0.000000000000000000e+00 0.000000000000000000e+00 0.000000000000000000e+00 0.000000000000000000e+00 0.000000000000000000e+00 0.000000000000000000e+00 0.000000000000000000e+00 0.000000000000000000e+00 0.000000000000000000e+00
0.000000000000000000e+00 0.000000000000000000e+00 0.000000000000000000e+00 0.000000000000000000e+00 0.000000000000000000e+00 0.000000000000000000e+00 0.000000000000000000e+00 0.000000000000000000e+00 0.000000000000000000e+00 0.000000000000000000e+00
0.000000000000000000e+00 0.000000000000000000e+00 0.000000000000000000e+00 0.000000000000000000e+00 0.000000000000000000e+00 0.000000000000000000e+00 0.000000000000000000e+00 0.000000000000000000e+00 0.000000000000000000e+00 0.000000000000000000e+00
0.000000000000000000e+00 0.000000000000000000e+00 0.000000000000000000e+00 0.000000000000000000e+00 0.000000000000000000e+00 0.000000000000000000e+00 0.000000000000000000e+00 0.000000000000000000e+00 0.000000000000000000e+00 0.000000000000000000e+00
0.000000000000000000e+00 0.000000000000000000e+00 0.000000000000000000e+00 0.000000000000000000e+00 0.000000000000000000e+00 0.000000000000000000e+00 0.000000000000000000e+00 0.000000000000000000e+00 0.000000000000000000e+00 0.000000000000000000e+00
0.000000000000000000e+00 0.000000000000000000e+00 0.000000000000000000e+00 0.000000000000000000e+00 0.000000000000000000e+00 0.000000000000000000e+00 0.000000000000000000e+00 0.000000000000000000e+00 0.000000000000000000e+00 0.000000000000000000e+00
0.000000000000000000e+00 0.000000000000000000e+00 0.000000000000000000e+00 0.000000000000000000e+00 0.000000000000000000e+00 0.000000000000000000e+00 0.000000000000000000e+00 0.000000000000000000e+00 0.000000000000000000e+00 0.000000000000000000e+00
0.000000000000000000e+00 0.000000000000000000e+00 0.000000000000000000e+00 0.000000000000000000e+00 0.000000000000000000e+00 0.000000000000000000e+00 0.000000000000000000e+00 0.000000000000000000e+00 0.000000000000000000e+00 0.000000000000000000e+00
0.000000000000000000e+00 0.000000000000000000e+00 0.000000000000000000e+00 0.000000000000000000e+00 0.000000000000000000e+00 0.000000000000000000e+00 0.000000000000000000e+00 0.000000000000000000e+00 0.000000000000000000e+00 0.000000000000000000e+00
0.000000000000000000e+00 0.000000000000000000e+00 0.000000000000000000e+00 0.000000000000000000e+00 0.000000000000000000e+00 0.000000000000000000e+00 0.000000000000000000e+00 0.000000000000000000e+00 0.000000000000000000e+00 0.000000000000000000e+00
0.000000000000000000e+00 0.000000000000000000e+00 0.000000000000000000e+00 0.000000000000000000e+00 0.000000000000000000e+00 0.000000000000000000e+00 0.000000000000000000e+00 0.000000000000000000e+00 0.000000000000000000e+00 0.000000000000000000e+00
0.000000000000000000e+00 0.000000000000000000e+00 0.000000000000000000e+00 0.000000000000000000e+00 0.000000000000000000e+00 0.000000000000000000e+00 0.000000000000000000e+00 0.000000000000000000e+00 0.000000000000000000e+00 0.000000000000000000e+00
0.000000000000000000e+00 0.000000000000000000e+00 0.000000000000000000e+00 0.000000000000000000e+00 0.000000000000000000e+00 0.000000000000000000e+00 0.000000000000000000e+00 0.000000000000000000e+00 0.000000000000000000e+00 0.000000000000000000e+00
0.000000000000000000e+00 0.000000000000000000e+00 0.000000000000000000e+00 0.000000000000000000e+00 0.000000000000000000e+00 0.000000000000000000e+00 0.000000000000000000e+00 0.000000000000000000e+00 0.000000000000000000e+00 0.000000000000000000e+00
0.000000000000000000e+00 0.000000000000000000e+00 0.000000000000000000e+00 0.000000000000000000e+00 0.000000000000000000e+00 0.000000000000000000e+00 0.000000000000000000e+00 0.000000000000000000e+00 0.000000000000000000e+00 0.000000000000000000e+00
0.000000000000000000e+00 0.000000000000000000e+00 0.000000000000000000e+00 0.000000000000000000e+00 0.000000000000000000e+00 0.000000000000000000e+00 0.000000000000000000e+00 0.000000000000000000e+00 0.000000000000000000e+00 0.000000000000000000e+00
0.000000000000000000e+00 0.000000000000000000e+00 0.000000000000000000e+00 0.000000000000000000e+00 0.000000000000000000e+00 0.000000000000000000e+00 0.000000000000000000e+00 0.000000000000000000e+00 0.000000000000000000e+00 0.000000000000000000e+00
0.000000000000000000e+00 0.000000000000000000e+00 0.000000000000000000e+00 0.000000000000000000e+00 0.000000000000000000e+00 0.000000000000000000e+00 0.000000000000000000e+00 0.000000000000000000e+00 0.000000000000000000e+00 0.000000000000000000e+00
0.000000000000000000e+00 0.000000000000000000e+00 0.000000000000000000e+00 0.000000000000000000e+00 0.000000000000000000e+00 0.000000000000000000e+00 0.000000000000000000e+00 0.000000000000000000e+00 0.000000000000000000e+00 0.000000000000000000e+00
0.000000000000000000e+00 0.000000000000000000e+00 0.000000000000000000e+00 0.000000000000000000e+00 0.000000000000000000e+00 0.000000000000000000e+00 0.000000000000000000e+00 0.000000000000000000e+00 0.000000000000000000e+00 0.000000000000000000e+00
0.000000000000000000e+00 0.000000000000000000e+00 0.000000000000000000e+00 0.000000000000000000e+00 0.000000000000000000e+00 0.000000000000000000e+00 0.000000000000000000e+00 0.000000000000000000e+00 0.000000000000000000e+00 0.000000000000000000e+00
0.000000000000000000e+00 0.000000000000000000e+00 0.000000000000000000e+00 0.000000000000000000e+00 0.000000000000000000e+00 0.000000000000000000e+00 0.000000000000000000e+00 0.000000000000000000e+00 0.000000000000000000e+00 0.000000000000000000e+00
0.000000000000000000e+00 0.000000000000000000e+00 0.000000000000000000e+00 0.000000000000000000e+00 0.000000000000000000e+00 0.000000000000000000e+00 0.000000000000000000e+00 0.000000000000000000e+00 0.000000000000000000e+00 0.000000000000000000e+00
0.000000000000000000e+00 0.000000000000000000e+00 0.000000000000000000e+00 0.000000000000000000e+00 0.000000000000000000e+00 0.000000000000000000e+00 0.000000000000000000e+00 0.000000000000000000e+00 0.000000000000000000e+00 0.000000000000000000e+00
0.000000000000000000e+00 0.000000000000000000e+00 0.000000000000000000e+00 0.000000000000000000e+00 0.000000000000000000e+00 0.000000000000000000e+00 0.000000000000000000e+00 0.000000000000000000e+00 0.000000000000000000e+00 0.000000000000000000e+00
0.000000000000000000e+00 0.000000000000000000e+00 0.000000000000000000e+00 0.000000000000000000e+00 0.000000000000000000e+00 0.000000000000000000e+00 0.000000000000000000e+00 0.000000000000000000e+00 0.000000000000000000e+00 0.000000000000000000e+00
