0.000000000000000000e+00 0.000000000000000000e+00 0.000000000000000000e+00 0.000000000000000000e+00 0.000000000000000000e+00 0.000000000000000000e+00 0.000000000000000000e+00 0.000000000000000000e+00 0.000000000000000000e+00 0.000000000000000000e+00
8.437431234461034713e-02 0.000000000000000000e+00 0.000000000000000000e+00 0.000000000000000000e+00 0.000000000000000000e+00 0.000000000000000000e+00 0.000000000000000000e+00 0.000000000000000000e+00 0.000000000000000000e+00 0.000000000000000000e+00
-2.230796219744343376e-02 -1.648403009684297135e-02 4.370931756207087626e-01 0.000000000000000000e+00 0.000000000000000000e+00 0.000000000000000000e+00 0.000000000000000000e+00 0.000000000000000000e+00 0.000000000000000000e+00 0.000000000000000000e+00
1.997166599853378521e+00 0.000000000000000000e+00 0.000000000000000000e+00 -8.635750983880893794e-02 0.000000000000000000e+00 0.000000000000000000e+00 1.073097410762486048e-01 8.346692541355614503e-02 0.000000000000000000e+00 0.000000000000000000e+00
2.082285310062116923e-01 -2.932443754716908269e-02 1.971251300849115706e+00 -1.690575255867576843e-02 5.204326695197472596e-02 0.000000000000000000e+00 0.000000000000000000e+00 0.000000000000000000e+00 0.000000000000000000e+00 3.974938788521351768e-02
3.344498135186729781e-02 2.260483633090254241e+00 0.000000000000000000e+00 0.000000000000000000e+00 0.000000000000000000e+00 0.000000000000000000e+00 0.000000000000000000e+00 0.000000000000000000e+00 0.000000000000000000e+00 0.000000000000000000e+00
2.511872002332570908e+00 0.000000000000000000e+00 2.435740695517600030e-01 -6.243864881182386445e-02 0.000000000000000000e+00 0.000000000000000000e+00 0.000000000000000000e+00 3.142619908111661531e-02 -7.833323624629939808e-02 2.854999963979816535e-02
-1.000000000000000056e-01 2.834760132356267448e+00 0.000000000000000000e+00 2.426769882088059271e-01 0.000000000000000000e+00 -8.868094352796242197e-02 1.834576678812305794e-01 3.451363374114752025e-02 1.616190099010315351e-01 -2.126981933404673702e-02
2.786769660857919106e+00 2.177605648659776405e-01 1.499668412524578220e-01 0.000000000000000000e+00 0.000000000000000000e+00 1.553463360904016044e-01 1.081009346842225563e-02 1.051585466101438576e-01 0.000000000000000000e+00 0.000000000000000000e+00
2.466605686352747906e+00 0.000000000000000000e+00 0.000000000000000000e+00 2.825453708741429426e-01 5.913001366682848481e-01 2.620449355560595106e-01 2.588957632324544178e-02 -6.632491412316895985e-02 1.968646467638947573e-01 7.837571472243827497e-02
2.179269883518388351e+00 3.218900817167797967e-01 6.466274088622276928e-01 3.500184821273280011e-01 1.603055527863948004e-01 0.000000000000000000e+00 0.000000000000000000e+00 1.449550611830760505e-02 0.000000000000000000e+00 3.493312228344924719e-02
1.366365914545750460e-01 7.421103034392078079e-01 2.916477554561287988e+00 0.000000000000000000e+00 3.738930586113768384e-01 2.478167342515759097e-01 0.000000000000000000e+00 0.000000000000000000e+00 -6.968905870553088883e-03 1.396573656245260753e-01
2.579025261944635439e+00 5.998224303981859462e-01 0.000000000000000000e+00 0.000000000000000000e+00 3.028125426759194494e-01 2.837098605550659736e-01 3.787355928299130925e-01 -7.204749783004774089e-02 2.651202138131418251e-01 1.533349089878075638e-02
2.145863033060746439e+00 4.769754223456840747e-01 2.301952162042671390e-01 0.000000000000000000e+00 0.000000000000000000e+00 8.451056967565426792e-01 3.311140194453691121e-01 -1.358725600286224133e-01 5.066701577959775715e-02 2.219060000077936190e-01
2.202987518315926707e-01 2.929339364964319348e+00 7.019678941626162905e-01 0.000000000000000000e+00 1.776017523200448256e-01 2.274896061533839275e-01 0.000000000000000000e+00 5.164496543897314496e-01 0.000000000000000000e+00 2.604596415392297915e-01
2.338448163866595930e+00 5.306357115547039038e-01 5.534700999303048263e-01 9.034042317576900238e-01 1.102009600000000006e-01 2.708720699425472000e-01 3.962564328802339331e-01 8.667008011535436429e-01 4.078658858892726946e-01 0.000000000000000000e+00
2.400655438005059761e+00 5.288986820336931682e-01 3.679872696197716286e-01 2.735959763306642367e-01 6.577042318547972055e-01 1.585938937551747627e-02 0.000000000000000000e+00 4.538947517926958941e-01 8.318510753396560209e-02 1.144731095069055973e-02
2.678306106538864917e+00 3.332059763714099176e-01 5.700281118478784936e-01 2.907834403764584796e-01 0.000000000000000000e+00 4.379348155923498687e-01 5.746460402159980774e-01 -1.000000000000000056e-01 8.388322359651459448e-02 3.374450977541576524e-01
2.177755565834682994e+00 2.705237941997264972e-01 2.818830218926710596e-01 4.052323423662131940e-01 2.881983738975743559e-01 0.000000000000000000e+00 2.114473109506905812e-01 2.039002814006357633e-01 6.294132244762905559e-01 0.000000000000000000e+00
2.735843729208906616e+00 2.844159619941736827e-01 1.392404052242307344e+00 2.356991960707277289e-01 1.072642161204911071e+00 7.927268530641177202e-01 4.699409797061394611e-01 0.000000000000000000e+00 1.341584651482745638e-01 3.177313965884013824e-01
2.322735623731483345e-01 2.958532199261445506e+00 7.931345257230644208e-01 1.004704882986049874e+00 9.428938858847109028e-01 2.213520030171880204e-01 1.320518914315436665e-01 0.000000000000000000e+00 4.104163154097415500e-01 -4.034328007097946756e-02
1.429422573078954484e-01 7.713082873407115514e-01 4.944467382192418436e-01 3.005794029609981877e+00 4.769108096546879616e-01 0.000000000000000000e+00 0.000000000000000000e+00 6.817332075639407352e-01 5.093613253838908950e-01 5.639143898977320157e-01
2.444862520124917893e+00 3.572468939254689890e-01 3.091588137173978956e-01 5.573201484404156636e-01 7.630491294053016738e-01 2.834239567678037419e-01 6.024866027965833926e-01 5.247042639730816749e-01 2.659231629236442629e-01 4.707536868236846805e-01
1.493436653237368572e-01 3.113655486309536702e+00 9.414815467738623100e-01 5.486005290410175261e-01 3.035658190034076775e-01 5.258711340831287995e-01 5.224198765304082226e-01 0.000000000000000000e+00 2.162815512840376708e-01 2.134177651268382159e-01
1.830140476288990570e-01 3.115688686337090729e+00 2.217455887843936546e-01 5.610710439761585899e-01 0.000000000000000000e+00 7.121041853629399565e-01 1.907905044005652473e-01 0.000000000000000000e+00 2.608174124617358425e-01 0.000000000000000000e+00
2.816180864862970701e+00 0.000000000000000000e+00 3.461176093858266967e-01 8.142364777854689262e-01 0.000000000000000000e+00 2.779079349399623533e-01 2.007824816550778935e-01 1.542024589763323350e-01 1.000000000000000056e-01 7.180697403826542535e-01
2.375471245322315461e+00 3.423975291080321171e-01 0.000000000000000000e+00 4.755059102807391858e-01 0.000000000000000000e+00 3.286174256239628999e-01 2.507108314747781286e-01 4.272141052585616272e-01 2.571238314031740191e-01 3.258593746992525242e-01
1.662002218615596938e-01 0.000000000000000000e+00 0.000000000000000000e+00 6.338064027974875669e-01 3.167071209552364541e-01 3.110686060024018040e+00 0.000000000000000000e+00 4.204740882749440356e-01 3.581428804570837565e-01 -5.976266057512400615e-02
2.263789706896707443e+00 2.677065191027589997e-01 5.288152957243282826e-01 0.000000000000000000e+00 2.849940414973216041e-01 4.314901670060017347e-01 3.005376315584356584e-01 0.000000000000000000e+00 2.073668278062935910e-01 7.088134234940103306e-01
2.216251756815230678e+00 7.395110624730020232e-01 7.220188895794934503e-01 3.452697579973666442e-01 4.050923314201451131e-01 0.000000000000000000e+00 7.475205372130044879e-01 0.000000000000000000e+00 2.977413376406969348e-01 4.818245666431214547e-01
1.085791692627693789e-01 5.107683618256344538e-01 0.000000000000000000e+00 0.000000000000000000e+00 0.000000000000000000e+00 0.000000000000000000e+00 2.859461540141454705e-01 3.051705261116484991e+00 5.197467078040383104e-01 5.563983404578534131e-01
2.513217287120065979e+00 0.000000000000000000e+00 2.411747463755065657e-01 7.073280587635606409e-01 5.743253173555115110e-01 4.439309865872088090e-01 3.019139945424877403e-01 3.062209193929745776e-01 2.785461652498315011e-01 7.733750177076529342e-01
9.810531799763081429e-01 3.228824840581644651e+00 7.895831708156474393e-01 2.762207960424954423e-01 8.714164318911518103e-01 0.000000000000000000e+00 1.529659678133550305e-01 3.081620484343770006e-01 6.309907745754002040e-01 0.000000000000000000e+00
-9.958400000000000585e-02 3.298641625506794739e+00 0.000000000000000000e+00 3.381479568179459605e-01 1.702711679552192381e-01 8.596233224294730357e-01 5.986070585885594486e-01 0.000000000000000000e+00 3.396696062465103805e-01 2.699864225526015793e-01
1.328630570401025113e-01 2.896986173870209402e+00 9.242007224093453654e-01 5.264900298756759467e-01 4.332087240895631242e-01 4.989030607180354182e-01 0.000000000000000000e+00 0.000000000000000000e+00 5.575451752222833068e-01 2.298432306595276364e-01
4.084862244939049258e-01 -1.000000000000000056e-01 3.016100854334343051e+00 3.164324756814791417e-01 0.000000000000000000e+00 3.411840650627777638e-01 2.602441663280555817e-01 2.645085059532276683e-01 3.857575015422018416e-01 0.000000000000000000e+00
2.975190916739729463e-01 4.992612166807036678e-01 3.324269690885214290e-01 3.154325030243417816e-01 0.000000000000000000e+00 0.000000000000000000e+00 4.701870343854910317e-01 5.530015534729848525e-01 3.099324735993315705e-01 3.038902969979394797e+00
3.603233318188999168e-01 2.484243083675282460e+00 1.136874372332133287e+00 0.000000000000000000e+00 0.000000000000000000e+00 0.000000000000000000e+00 0.000000000000000000e+00 5.950365865223734563e-01 0.000000000000000000e+00 0.000000000000000000e+00
2.259148812972446407e+00 2.269679507651513883e-01 2.680193203756049414e-01 4.646983808194711241e-01 2.807709847885167531e-01 0.000000000000000000e+00 0.000000000000000000e+00 0.000000000000000000e+00 0.000000000000000000e+00 0.000000000000000000e+00
2.071683498095291842e+00 1.703609627320551434e-01 0.000000000000000000e+00 2.529135031739470629e-01 3.528007019974367386e-01 5.171358310055608198e-01 0.000000000000000000e+00 2.519552492353492323e-01 0.000000000000000000e+00 0.000000000000000000e+00
2.061164300011935513e+00 4.343205881370701960e-01 0.000000000000000000e+00 0.000000000000000000e+00 2.816511188752370831e-01 0.000000000000000000e+00 0.000000000000000000e+00 3.433394275602799084e-01 0.000000000000000000e+00 0.000000000000000000e+00
1.679303125538784691e+00 2.473374245191857224e-01 2.440030282887380442e-01 0.000000000000000000e+00 2.618375131599494643e-01 0.000000000000000000e+00 3.229268839885748310e-01 2.369764640373067943e-01 0.000000000000000000e+00 0.000000000000000000e+00
9.862052529356801767e-02 0.000000000000000000e+00 0.000000000000000000e+00 0.000000000000000000e+00 2.752715268512861968e-01 0.000000000000000000e+00 0.000000000000000000e+00 6.233106338436973370e-01 0.000000000000000000e+00 2.999035991266092438e+00
-1.186188555264771072e-01 2.245492539807268928e-01 0.000000000000000000e+00 0.000000000000000000e+00 0.000000000000000000e+00 2.969115686467991289e+00 0.000000000000000000e+00 0.000000000000000000e+00 2.626611860536029464e-01 1.154192358400000090e-01
-1.000000000000000056e-01 2.227082668244081631e+00 0.000000000000000000e+00 2.393633040124074352e-01 1.848981902396097110e-01 0.000000000000000000e+00 0.000000000000000000e+00 1.692592920851739291e-01 0.000000000000000000e+00 3.487881800949372280e-01
-8.378853091327997937e-02 0.000000000000000000e+00 1.639464192095211881e-01 3.001098191495421008e-01 2.895542940508816776e-01 2.211355213065488989e-01 3.240522233959122200e-01 2.950703783184978946e+00 1.731486302434115943e-01 0.000000000000000000e+00
1.756625450211998452e+00 0.000000000000000000e+00 2.232739789119060347e-01 0.000000000000000000e+00 2.781666134595265349e-01 2.516362619586735572e-01 2.445811308353965652e-01 0.000000000000000000e+00 0.000000000000000000e+00 0.000000000000000000e+00
3.099353243021493176e-01 2.057759220685738910e+00 0.000000000000000000e+00 2.345640237977035802e-01 0.000000000000000000e+00 0.000000000000000000e+00 0.000000000000000000e+00 0.000000000000000000e+00 0.000000000000000000e+00 0.000000000000000000e+00
1.487643479860013329e+00 0.000000000000000000e+00 0.000000000000000000e+00 1.038880514662400140e-01 5.266927960104891282e-01 0.000000000000000000e+00 1.000000000000000056e-01 2.499367763706152601e-01 0.000000000000000000e+00 0.000000000000000000e+00
-1.000000000000000056e-01 3.282813706418353239e-01 0.000000000000000000e+00 0.000000000000000000e+00 0.000000000000000000e+00 0.000000000000000000e+00 2.901840791371678385e+00 2.683017135756738947e-01 0.000000000000000000e+00 0.000000000000000000e+00
1.761982656285398408e+00 0.000000000000000000e+00 0.000000000000000000e+00 0.000000000000000000e+00 0.000000000000000000e+00 1.688308347101484808e-01 2.089375665087263023e-01 0.000000000000000000e+00 1.879027024094445386e-01 1.080000000000000127e-01
0.000000000000000000e+00 0.000000000000000000e+00 0.000000000000000000e+00 0.000000000000000000e+00 0.000000000000000000e+00 1.000000000000000056e-01 2.300952181649771333e-01 0.000000000000000000e+00 4.902596234850975510e-01 2.918761008404469948e+00
1.303136278138825155e+00 0.000000000000000000e+00 1.901733598260646474e-01 2.597741613133232597e-01 1.356080625119886196e-01 0.000000000000000000e+00 0.000000000000000000e+00 3.474581535009548805e-01 0.000000000000000000e+00 0.000000000000000000e+00
-9.135999999999999677e-02 2.018226391091156202e+00 0.000000000000000000e+00 1.152000000000000246e-01 2.203256212272224346e-01 0.000000000000000000e+00 3.505646522901785245e-01 0.000000000000000000e+00 0.000000000000000000e+00 0.000000000000000000e+00
1.338027570112822584e+00 0.000000000000000000e+00 0.000000000000000000e+00 0.000000000000000000e+00 0.000000000000000000e+00 0.000000000000000000e+00 0.000000000000000000e+00 0.000000000000000000e+00 0.000000000000000000e+00 0.000000000000000000e+00
-1.000000000000000888e-02 1.687472463794217892e-01 2.185397363055884057e+00 0.000000000000000000e+00 0.000000000000000000e+00 1.576173306096177729e-01 0.000000000000000000e+00 0.000000000000000000e+00 2.876310280829176280e-01 0.000000000000000000e+00
-1.000000000000000056e-01 1.413554882764092469e+00 0.000000000000000000e+00 0.000000000000000000e+00 0.000000000000000000e+00 3.161083426919253370e-01 0.000000000000000000e+00 1.000000000000000056e-01 2.687184780543830920e-01 0.000000000000000000e+00
-9.199999999999999845e-02 -8.480000000000000038e-02 1.871284372524433248e+00 0.000000000000000000e+00 0.000000000000000000e+00 0.000000000000000000e+00 0.000000000000000000e+00 0.000000000000000000e+00 0.000000000000000000e+00 0.000000000000000000e+00
1.000000000000000056e-01 1.968194671692594933e-01 0.000000000000000000e+00 2.193019878854078009e+00 0.000000000000000000e+00 2.954477661262153165e-01 0.000000000000000000e+00 1.760450721708045618e-01 1.908962672269871041e-01 0.000000000000000000e+00
5.694313926433697270e-01 0.000000000000000000e+00 0.000000000000000000e+00 0.000000000000000000e+00 0.000000000000000000e+00 0.000000000000000000e+00 3.250650021296571657e-01 0.000000000000000000e+00 0.000000000000000000e+00 0.000000000000000000e+00
-2.799999999999996936e-03 1.619236713358753965e+00 2.280404067587607497e-01 0.000000000000000000e+00 0.000000000000000000e+00 0.000000000000000000e+00 0.000000000000000000e+00 0.000000000000000000e+00 0.000000000000000000e+00 0.000000000000000000e+00
-3.015104414982037323e-02 5.704614335779628620e-02 1.678042057020002753e+00 0.000000000000000000e+00 0.000000000000000000e+00 1.968308801503453886e-01 0.000000000000000000e+00 5.056597106730970070e-01 1.080000000000000127e-01 0.000000000000000000e+00
7.109510164271048982e-01 0.000000000000000000e+00 0.000000000000000000e+00 0.000000000000000000e+00 2.592159677925037209e-01 0.000000000000000000e+00 1.080000000000000127e-01 0.000000000000000000e+00 3.043507121405987226e-01 0.000000000000000000e+00
6.638301725324994296e-01 0.000000000000000000e+00 0.000000000000000000e+00 0.000000000000000000e+00 3.587448221382433799e-01 0.000000000000000000e+00 0.000000000000000000e+00 0.000000000000000000e+00 0.000000000000000000e+00 0.000000000000000000e+00
-7.685146888033395074e-02 0.000000000000000000e+00 0.000000000000000000e+00 0.000000000000000000e+00 0.000000000000000000e+00 1.597151467382087242e+00 0.000000000000000000e+00 0.000000000000000000e+00 1.753925376987545415e-01 0.000000000000000000e+00
4.625482552183356466e-01 0.000000000000000000e+00 0.000000000000000000e+00 0.000000000000000000e+00 2.199684425563722123e-01 0.000000000000000000e+00 0.000000000000000000e+00 0.000000000000000000e+00 0.000000000000000000e+00 0.000000000000000000e+00
1.871392209584325783e-01 8.577307299840000732e-02 0.000000000000000000e+00 2.145282993767848589e-01 0.000000000000000000e+00 1.000000000000000056e-01 0.000000000000000000e+00 9.856119481272453964e-01 0.000000000000000000e+00 0.000000000000000000e+00
6.640231050494035392e-01 0.000000000000000000e+00 0.000000000000000000e+00 0.000000000000000000e+00 0.000000000000000000e+00 0.000000000000000000e+00 0.000000000000000000e+00 0.000000000000000000e+00 0.000000000000000000e+00 0.000000000000000000e+00
1.015661701054755839e-01 1.253214134150531178e+00 0.000000000000000000e+00 0.000000000000000000e+00 0.000000000000000000e+00 0.000000000000000000e+00 0.000000000000000000e+00 0.000000000000000000e+00 0.000000000000000000e+00 3.230108323934803849e-01
8.323653322779838160e-01 0.000000000000000000e+00 1.648992211031774235e-01 0.000000000000000000e+00 1.552870022781976944e-01 0.000000000000000000e+00 0.000000000000000000e+00 0.000000000000000000e+00 0.000000000000000000e+00 0.000000000000000000e+00
6.416000000000005032e-03 0.000000000000000000e+00 0.000000000000000000e+00 0.000000000000000000e+00 0.000000000000000000e+00 0.000000000000000000e+00 0.000000000000000000e+00 1.749740072909233835e+00 1.393688459072993102e-01 0.000000000000000000e+00
8.672436397512331974e-01 0.000000000000000000e+00 0.000000000000000000e+00 0.000000000000000000e+00 1.551384368593982932e-01 0.000000000000000000e+00 0.000000000000000000e+00 0.000000000000000000e+00 0.000000000000000000e+00 0.000000000000000000e+00
-1.000000000000000056e-01 9.477407569889371164e-01 0.000000000000000000e+00 0.000000000000000000e+00 0.000000000000000000e+00 0.000000000000000000e+00 0.000000000000000000e+00 0.000000000000000000e+00 0.000000000000000000e+00 0.000000000000000000e+00
-1.000000000000000056e-01 -1.272139963872962604e-02 7.296473785223274167e-01 0.000000000000000000e+00 0.000000000000000000e+00 0.000000000000000000e+00 0.000000000000000000e+00 0.000000000000000000e+00 0.000000000000000000e+00 0.000000000000000000e+00
8.683999999999998665e-02 0.000000000000000000e+00 1.910316800000000093e-01 0.000000000000000000e+00 0.000000000000000000e+00 1.124524439152791322e+00 0.000000000000000000e+00 1.000000000000000056e-01 0.000000000000000000e+00 0.000000000000000000e+00
8.421581084823263064e-01 1.170432000000000000e-01 0.000000000000000000e+00 0.000000000000000000e+00 0.000000000000000000e+00 0.000000000000000000e+00 0.000000000000000000e+00 1.000000000000000056e-01 0.000000000000000000e+00 0.000000000000000000e+00
-1.000000000000000056e-01 1.028378909330331492e+00 1.353173708681431608e-01 1.080000000000000127e-01 0.000000000000000000e+00 1.602817345211109135e-01 0.000000000000000000e+00 0.000000000000000000e+00 0.000000000000000000e+00 0.000000000000000000e+00
7.504242981961475323e-01 -2.695335487446772968e-02 0.000000000000000000e+00 0.000000000000000000e+00 0.000000000000000000e+00 0.000000000000000000e+00 0.000000000000000000e+00 1.624363465612588819e-01 0.000000000000000000e+00 0.000000000000000000e+00
-9.068671999999999844e-02 8.157244596271038262e-01 0.000000000000000000e+00 0.000000000000000000e+00 0.000000000000000000e+00 0.000000000000000000e+00 0.000000000000000000e+00 0.000000000000000000e+00 0.000000000000000000e+00 0.000000000000000000e+00
-1.000000000000000056e-01 -9.135999999999999677e-02 1.524908926963534306e+00 0.000000000000000000e+00 0.000000000000000000e+00 1.310680581120000354e-01 0.000000000000000000e+00 0.000000000000000000e+00 0.000000000000000000e+00 0.000000000000000000e+00
-1.000000000000000888e-02 1.390436406612493458e+00 0.000000000000000000e+00 2.069928122068928900e-01 0.000000000000000000e+00 0.000000000000000000e+00 0.000000000000000000e+00 0.000000000000000000e+00 2.669239587821651827e-01 1.172711698844283168e-01
-7.519736324809261907e-02 1.202994050297581552e+00 0.000000000000000000e+00 0.000000000000000000e+00 0.000000000000000000e+00 0.000000000000000000e+00 0.000000000000000000e+00 0.000000000000000000e+00 0.000000000000000000e+00 0.000000000000000000e+00
1.000000000000000056e-01 0.000000000000000000e+00 0.000000000000000000e+00 1.228245827038494165e+00 0.000000000000000000e+00 0.000000000000000000e+00 0.000000000000000000e+00 0.000000000000000000e+00 0.000000000000000000e+00 0.000000000000000000e+00
-9.746270527077799395e-02 1.197658160668184646e+00 0.000000000000000000e+00 1.659564543059431907e-01 0.000000000000000000e+00 0.000000000000000000e+00 0.000000000000000000e+00 0.000000000000000000e+00 0.000000000000000000e+00 0.000000000000000000e+00
-1.000000000000000056e-01 1.085618268587138946e+00 0.000000000000000000e+00 0.000000000000000000e+00 0.000000000000000000e+00 0.000000000000000000e+00 0.000000000000000000e+00 0.000000000000000000e+00 0.000000000000000000e+00 0.000000000000000000e+00
-9.199999999999999845e-02 1.052378789182929930e+00 0.000000000000000000e+00 0.000000000000000000e+00 0.000000000000000000e+00 0.000000000000000000e+00 0.000000000000000000e+00 0.000000000000000000e+00 0.000000000000000000e+00 0.000000000000000000e+00
-8.480000000000000038e-02 7.759586348554843305e-01 0.000000000000000000e+00 0.000000000000000000e+00 0.000000000000000000e+00 0.000000000000000000e+00 0.000000000000000000e+00 1.152000000000000246e-01 0.000000000000000000e+00 1.223020800000000075e-01
9.063770803280107868e-01 0.000000000000000000e+00 0.000000000000000000e+00 0.000000000000000000e+00 0.000000000000000000e+00 0.000000000000000000e+00 3.342506001617380207e-01 0.000000000000000000e+00 0.000000000000000000e+00 0.000000000000000000e+00
-1.000000000000000888e-02 0.000000000000000000e+00 1.283498318972538854e+00 0.000000000000000000e+00 1.000000000000000056e-01 0.000000000000000000e+00 1.000000000000000056e-01 3.857747474222363859e-01 0.000000000000000000e+00 0.000000000000000000e+00
-2.224000000000003752e-03 1.335769328254071464e+00 0.000000000000000000e+00 0.000000000000000000e+00 0.000000000000000000e+00 0.000000000000000000e+00 0.000000000000000000e+00 0.000000000000000000e+00 1.686879403886198114e-01 0.000000000000000000e+00
8.686811862292077857e-02 0.000000000000000000e+00 0.000000000000000000e+00 0.000000000000000000e+00 0.000000000000000000e+00 0.000000000000000000e+00 8.954799964711637195e-01 0.000000000000000000e+00 0.000000000000000000e+00 0.000000000000000000e+00
1.164905271639321782e+00 0.000000000000000000e+00 0.000000000000000000e+00 0.000000000000000000e+00 0.000000000000000000e+00 0.000000000000000000e+00 0.000000000000000000e+00 0.000000000000000000e+00 0.000000000000000000e+00 0.000000000000000000e+00
1.079626176218112743e+00 0.000000000000000000e+00 0.000000000000000000e+00 0.000000000000000000e+00 0.000000000000000000e+00 0.000000000000000000e+00 0.000000000000000000e+00 0.000000000000000000e+00 4.724026850229611219e-01 0.000000000000000000e+00
-1.000000000000000056e-01 1.011741838956776940e+00 0.000000000000000000e+00 0.000000000000000000e+00 0.000000000000000000e+00 0.000000000000000000e+00 0.000000000000000000e+00 0.000000000000000000e+00 0.000000000000000000e+00 0.000000000000000000e+00
0.000000000000000000e+00 0.000000000000000000e+00 0.000000000000000000e+00 1.080000000000000127e-01 1.463136194423290404e-01 0.000000000000000000e+00 1.734833079111281762e-01 0.000000000000000000e+00 1.060911289419177894e+00 0.000000000000000000e+00
8.846058909069867138e-01 0.000000000000000000e+00 0.000000000000000000e+00 0.000000000000000000e+00 0.000000000000000000e+00 0.000000000000000000e+00 0.000000000000000000e+00 1.392422455631666389e-01 0.000000000000000000e+00 0.000000000000000000e+00
-6.891813956703046751e-02 9.394250668497724499e-01 0.000000000000000000e+00 0.000000000000000000e+00 0.000000000000000000e+00 0.000000000000000000e+00 0.000000000000000000e+00 0.000000000000000000e+00 0.000000000000000000e+00 0.000000000000000000e+00
-4.456003414815998959e-02 1.133994837826763025e+00 0.000000000000000000e+00 0.000000000000000000e+00 0.000000000000000000e+00 0.000000000000000000e+00 0.000000000000000000e+00 0.000000000000000000e+00 1.152000000000000246e-01 0.000000000000000000e+00
-1.000000000000000056e-01 1.448352562792010634e+00 0.000000000000000000e+00 0.000000000000000000e+00 0.000000000000000000e+00 0.000000000000000000e+00 0.000000000000000000e+00 1.247610636217039021e-01 0.000000000000000000e+00 0.000000000000000000e+00
1.532124338469407876e+00 1.752684507267538716e-01 0.000000000000000000e+00 0.000000000000000000e+00 0.000000000000000000e+00 0.000000000000000000e+00 1.425982335826400105e-01 1.506307238918230818e-01 0.000000000000000000e+00 1.375065575607766488e-01
-8.281334078746649396e-02 -2.000000000000001776e-03 2.539316207124024949e-01 2.131783637594319991e-01 1.797824785526630498e+00 3.135772955685697250e-01 1.364190988676087513e-01 2.688156547771312077e-01 0.000000000000000000e+00 0.000000000000000000e+00
